0;3;5
1;3;5
2;3;5
3;3;5
4;3;5
5;3;5
6;3;5
7;3;5
8;3;5
9;3;5
10;3;5
11;3;5
12;3;5
13;3;5
14;3;5
15;3;5
16;3;5
17;3;5
18;3;5
19;3;5
20;3;5
21;3;5
22;3;5
23;3;5
24;3;5
25;3;5
26;3;5
27;3;5
28;3;5
29;3;5
30;3;5
31;3;5
32;3;5
33;3;5
34;3;5
35;3;5
36;3;5
37;3;5
38;3;5
39;3;5
40;3;5
41;3;5
42;3;5
43;3;5
44;3;5
45;3;5
46;3;5
47;3;5
48;3;5
49;3;5
50;3;5
51;3;5
52;3;5
53;3;5
54;3;5
55;3;5
56;3;5
57;3;5
58;3;5
59;3;5
60;3;5
61;3;5
62;3;5
63;3;5
64;3;5
65;3;5
66;3;5
67;3;5
68;3;5
69;3;5
70;3;5
71;3;5
72;3;5
73;3;5
74;3;5
75;3;5
76;3;5
77;3;5
78;3;5
79;3;5
80;3;5
81;3;5
82;3;5
83;3;5
84;3;5
85;3;5
86;3;5
87;3;5
88;3;5
89;3;5
90;3;5
91;3;5
92;3;5
93;3;5
94;3;5
95;3;5
96;3;5
97;3;5
98;3;5
99;3;5
100;3;5
101;3;5
102;3;5
103;3;5
104;3;5
105;3;5
106;3;5
107;3;5
108;3;5
109;3;5
110;3;5
111;3;5
112;3;5
113;3;5
114;3;5
115;3;5
116;3;5
117;3;5
118;3;5
119;3;5
120;3;5
121;3;5
122;3;5
123;3;5
124;3;5
125;3;5
126;3;5
127;3;5
128;3;5
129;3;5
130;3;5
131;3;5
132;3;5
133;3;5
134;3;5
135;3;5
136;3;5
137;3;5
138;3;5
139;3;5
140;3;5
141;3;5
142;3;5
143;3;5
144;3;5
145;3;5
146;3;5
147;3;5
148;3;5
149;3;5
150;3;5
151;3;5
152;3;5
153;3;5
154;3;5
155;3;5
156;3;5
157;3;5
158;3;5
159;3;5
160;3;5
161;3;5
162;3;5
163;3;5
164;3;5
165;3;5
166;3;5
167;3;5
168;3;5
169;3;5
170;3;5
171;3;5
172;3;5
173;3;5
174;3;5
175;3;5
176;3;5
177;3;5
178;3;5
179;3;5
180;3;5
181;3;5
182;3;5
183;3;5
184;3;5
185;3;5
186;3;5
187;3;5
188;3;5
189;3;5
190;3;5
191;3;5
192;3;5
193;3;5
194;3;5
195;3;5
196;3;5
197;3;5
198;3;5
199;3;5
200;3;5
201;3;5
202;3;5
203;3;5
204;3;5
205;3;5
206;3;5
207;3;5
208;3;5
209;3;5
210;3;5
211;3;5
212;3;5
213;3;5
214;3;5
215;3;5
216;3;5
217;3;5
218;3;5
219;3;5
220;3;5
221;3;5
222;3;5
223;3;5
224;3;5
225;3;5
226;3;5
227;3;5
228;3;5
229;3;5
230;3;5
231;3;5
232;3;5
233;3;5
234;3;5
235;3;5
236;3;5
237;3;5
238;3;5
239;3;5
240;3;5
241;3;5
242;3;5
243;3;5
244;3;5
245;3;5
246;3;5
247;3;5
248;3;5
249;3;5
250;3;5
251;3;5
252;3;5
253;3;5
254;3;5
255;3;5
256;3;5
257;3;5
258;3;5
259;3;5
260;3;5
261;3;5
262;3;5
263;3;5
264;3;5
265;3;5
266;3;5
267;3;5
268;3;5
269;3;5
270;3;5
271;3;5
272;3;5
273;3;5
274;3;5
275;3;5
276;3;5
277;3;5
278;3;5
279;3;5
280;3;5
281;3;5
282;3;5
283;3;5
284;3;5
285;3;5
286;3;5
287;3;5
288;3;5
289;3;5
290;3;5
291;3;5
292;3;5
293;3;5
294;3;5
295;3;5
296;3;5
297;3;5
298;3;5
299;3;5
300;3;5
301;3;5
302;3;5
303;3;5
304;3;5
305;3;5
306;3;5
307;3;5
308;3;5
309;3;5
310;3;5
311;3;5
312;3;5
313;3;5
314;3;5
315;3;5
316;3;5
317;3;5
318;3;5
319;3;5
320;3;5
321;3;5
322;3;5
323;3;5
324;3;5
325;3;5
326;3;5
327;3;5
328;3;5
329;3;5
330;3;5
331;3;5
332;3;5
333;3;5
334;3;5
335;3;5
336;3;5
337;3;5
338;3;5
339;3;5
340;3;5
341;3;5
342;3;5
343;3;5
344;3;5
345;3;5
346;3;5
347;3;5
348;3;5
349;3;5
350;3;5
351;3;5
352;3;5
353;3;5
354;3;5
355;3;5
356;3;5
357;3;5
358;3;5
359;3;5
360;3;5
361;3;5
362;3;5
363;3;5
364;3;5
365;3;5
366;3;5
367;3;5
368;3;5
369;3;5
370;3;5
371;3;5
372;3;5
373;3;5
374;3;5
375;3;5
376;3;5
377;3;5
378;3;5
379;3;5
380;3;5
381;3;5
382;3;5
383;3;5
384;3;5
385;3;5
386;3;5
387;3;5
388;3;5
389;3;5
390;3;5
391;3;5
392;3;5
393;3;5
394;3;5
395;3;5
396;3;5
397;3;5
398;3;5
399;3;5
400;3;5
401;3;5
402;3;5
403;3;5
404;3;5
405;3;5
406;3;5
407;3;5
408;3;5
409;3;5
410;3;5
411;3;5
412;3;5
413;3;5
414;3;5
415;3;5
416;3;5
417;3;5
418;3;5
419;3;5
420;3;5
421;3;5
422;3;5
423;3;5
424;3;5
425;3;5
426;3;5
427;3;5
428;3;5
429;3;5
430;3;5
431;3;5
432;3;5
433;3;5
434;3;5
435;3;5
436;3;5
437;3;5
438;3;5
439;3;5
440;3;5
441;3;5
442;3;5
443;3;5
444;3;5
445;3;5
446;3;5
447;3;5
448;3;5
449;3;5
450;3;5
451;3;5
452;3;5
453;3;5
454;3;5
455;3;5
456;3;5
457;3;5
458;3;5
459;3;5
460;3;5
461;3;5
462;3;5
463;3;5
464;3;5
465;3;5
466;3;5
467;3;5
468;3;5
469;3;5
470;3;5
471;3;5
472;3;5
473;3;5
474;3;5
475;3;5
476;3;5
477;3;5
478;3;5
479;3;5
480;3;5
481;3;5
482;3;5
483;3;5
484;3;5
485;3;5
486;3;5
487;3;5
488;3;5
489;3;5
490;3;5
491;3;5
492;3;5
493;3;5
494;3;5
495;3;5
496;3;5
497;3;5
498;3;5
499;3;5
500;3;5
501;3;5
502;3;5
503;3;5
504;3;5
505;3;5
506;3;5
507;3;5
508;3;5
509;3;5
510;3;5
511;3;5
512;3;5
513;3;5
514;3;5
515;3;5
516;3;5
517;3;5
518;3;5
519;3;5
520;3;5
521;3;5
522;3;5
523;3;5
524;3;5
525;3;5
526;3;5
527;3;5
528;3;5
529;3;5
530;3;5
531;3;5
532;3;5
533;3;5
534;3;5
535;3;5
536;3;5
537;3;5
538;3;5
539;3;5
540;3;5
541;3;5
542;3;5
543;3;5
544;3;5
545;3;5
546;3;5
547;3;5
548;3;5
549;3;5
550;3;5
551;3;5
552;3;5
553;3;5
554;3;5
555;3;5
556;3;5
557;3;5
558;3;5
559;3;5
560;3;5
561;3;5
562;3;5
563;3;5
564;3;5
565;3;5
566;3;5
567;3;5
568;3;5
569;3;5
570;3;5
571;3;5
572;3;5
573;3;5
574;3;5
575;3;5
576;3;5
577;3;5
578;3;5
579;3;5
580;3;5
581;3;5
582;3;5
583;3;5
584;3;5
585;3;5
586;3;5
587;3;5
588;3;5
589;3;5
590;3;5
591;3;5
592;3;5
593;3;5
594;3;5
595;3;5
596;3;5
597;3;5
598;3;5
599;3;5
600;3;5
601;3;5
602;3;5
603;3;5
604;3;5
605;3;5
606;3;5
607;3;5
608;3;5
609;3;5
610;3;5
611;3;5
612;3;5
613;3;5
614;3;5
615;3;5
616;3;5
617;3;5
618;3;5
619;3;5
620;3;5
621;3;5
622;3;5
623;3;5
624;3;5
625;3;5
626;3;5
627;3;5
628;3;5
629;3;5
630;3;5
631;3;5
632;3;5
633;3;5
634;3;5
635;3;5
636;3;5
637;3;5
638;3;5
639;3;5
640;3;5
641;3;5
642;3;5
643;3;5
644;3;5
645;3;5
646;3;5
647;3;5
648;3;5
649;3;5
650;3;5
651;3;5
652;3;5
653;3;5
654;3;5
655;3;5
656;3;5
657;3;5
658;3;5
659;3;5
660;3;5
661;3;5
662;3;5
663;3;5
664;3;5
665;3;5
666;3;5
667;3;5
668;3;5
669;3;5
670;3;5
671;3;5
672;3;5
673;3;5
674;3;5
675;3;5
676;3;5
677;3;5
678;3;5
679;3;5
680;3;5
681;3;5
682;3;5
683;3;5
684;3;5
685;3;5
686;3;5
687;3;5
688;3;5
689;3;5
690;3;5
691;3;5
692;3;5
693;3;5
694;3;5
695;3;5
696;3;5
697;3;5
698;3;5
699;3;5
700;3;5
701;3;5
702;3;5
703;3;5
704;3;5
705;3;5
706;3;5
707;3;5
708;3;5
709;3;5
710;3;5
711;3;5
712;3;5
713;3;5
714;3;5
715;3;5
716;3;5
717;3;5
718;3;5
719;3;5
720;3;5
721;3;5
722;3;5
723;3;5
724;3;5
725;3;5
726;3;5
727;3;5
728;3;5
729;3;5
730;3;5
731;3;5
732;3;5
733;3;5
734;3;5
735;3;5
736;3;5
737;3;5
738;3;5
739;3;5
740;3;5
741;3;5
742;3;5
743;3;5
744;3;5
745;3;5
746;3;5
747;3;5
748;3;5
749;3;5
750;3;5
751;3;5
752;3;5
753;3;5
754;3;5
755;3;5
756;3;5
757;3;5
758;3;5
759;3;5
760;3;5
761;3;5
762;3;5
763;3;5
764;3;5
765;3;5
766;3;5
767;3;5
768;3;5
769;3;5
770;3;5
771;3;5
772;3;5
773;3;5
774;3;5
775;3;5
776;3;5
777;3;5
778;3;5
779;3;5
780;3;5
781;3;5
782;3;5
783;3;5
784;3;5
785;3;5
786;3;5
787;3;5
788;3;5
789;3;5
790;3;5
791;3;5
792;3;5
793;3;5
794;3;5
795;3;5
796;3;5
797;3;5
798;3;5
799;3;5
800;3;5
801;3;5
802;3;5
803;3;5
804;3;5
805;3;5
806;3;5
807;3;5
808;3;5
809;3;5
810;3;5
811;3;5
812;3;5
813;3;5
814;3;5
815;3;5
816;3;5
817;3;5
818;3;5
819;3;5
820;3;5
821;3;5
822;3;5
823;3;5
824;3;5
825;3;5
826;3;5
827;3;5
828;3;5
829;3;5
830;3;5
831;3;5
832;3;5
833;3;5
834;3;5
835;3;5
836;3;5
837;3;5
838;3;5
839;3;5
840;3;5
841;3;5
842;3;5
843;3;5
844;3;5
845;3;5
846;3;5
847;3;5
848;3;5
849;3;5
850;3;5
851;3;5
852;3;5
853;3;5
854;3;5
855;3;5
856;3;5
857;3;5
858;3;5
859;3;5
860;3;5
861;3;5
862;3;5
863;3;5
864;3;5
865;3;5
866;3;5
867;3;5
868;3;5
869;3;5
870;3;5
871;3;5
872;3;5
873;3;5
874;3;5
875;3;5
876;3;5
877;3;5
878;3;5
879;3;5
880;3;5
881;3;5
882;3;5
883;3;5
884;3;5
885;3;5
886;3;5
887;3;5
888;3;5
889;3;5
890;3;5
891;3;5
892;3;5
893;3;5
894;3;5
895;3;5
896;3;5
897;3;5
898;3;5
899;3;5
900;3;5
901;3;5
902;3;5
903;3;5
904;3;5
905;3;5
906;3;5
907;3;5
908;3;5
909;3;5
910;3;5
911;3;5
912;3;5
913;3;5
914;3;5
915;3;5
916;3;5
917;3;5
918;3;5
919;3;5
920;3;5
921;3;5
922;3;5
923;3;5
924;3;5
925;3;5
926;3;5
927;3;5
928;3;5
929;3;5
930;3;5
931;3;5
932;3;5
933;3;5
934;3;5
935;3;5
936;3;5
937;3;5
938;3;5
939;3;5
940;3;5
941;3;5
942;3;5
943;3;5
944;3;5
945;3;5
946;3;5
947;3;5
948;3;5
949;3;5
950;3;5
951;3;5
952;3;5
953;3;5
954;3;5
955;3;5
956;3;5
957;3;5
958;3;5
959;3;5
960;3;5
961;3;5
962;3;5
963;3;5
964;3;5
965;3;5
966;3;5
967;3;5
968;3;5
969;3;5
970;3;5
971;3;5
972;3;5
973;3;5
974;3;5
975;3;5
976;3;5
977;3;5
978;3;5
979;3;5
980;3;5
981;3;5
982;3;5
983;3;5
984;3;5
985;3;5
986;3;5
987;3;5
988;3;5
989;3;5
990;3;5
991;3;5
992;3;5
993;3;5
994;3;5
995;3;5
996;3;5
997;3;5
998;3;5
999;3;5
1000;3;5
1001;3;5
1002;3;5
1003;3;5
1004;3;5
1005;3;5
1006;3;5
1007;3;5
1008;3;5
1009;3;5
1010;3;5
1011;3;5
1012;3;5
1013;3;5
1014;3;5
1015;3;5
1016;3;5
1017;3;5
1018;3;5
1019;3;5
1020;3;5
1021;3;5
1022;3;5
1023;3;5
1024;3;5
1025;3;5
1026;3;5
1027;3;5
1028;3;5
1029;3;5
1030;3;5
1031;3;5
1032;3;5
1033;3;5
1034;3;5
1035;3;5
1036;3;5
1037;3;5
1038;3;5
1039;3;5
1040;3;5
1041;3;5
1042;3;5
1043;3;5
1044;3;5
1045;3;5
1046;3;5
1047;3;5
1048;3;5
1049;3;5
1050;3;5
1051;3;5
1052;3;5
1053;3;5
1054;3;5
1055;3;5
1056;3;5
1057;3;5
1058;3;5
1059;3;5
1060;3;5
1061;3;5
1062;3;5
1063;3;5
1064;3;5
1065;3;5
1066;3;5
1067;3;5
1068;3;5
1069;3;5
1070;3;5
1071;3;5
1072;3;5
1073;3;5
1074;3;5
1075;3;5
1076;3;5
1077;3;5
1078;3;5
1079;3;5
1080;3;5
1081;3;5
1082;3;5
1083;3;5
1084;3;5
1085;3;5
1086;3;5
1087;3;5
1088;3;5
1089;3;5
1090;3;5
1091;3;5
1092;3;5
1093;3;5
1094;3;5
1095;3;5
1096;3;5
1097;3;5
1098;3;5
1099;3;5
1100;3;5
1101;3;5
1102;3;5
1103;3;5
1104;3;5
1105;3;5
1106;3;5
1107;3;5
1108;3;5
1109;3;5
1110;3;5
1111;3;5
1112;3;5
1113;3;5
1114;3;5
1115;3;5
1116;3;5
1117;3;5
1118;3;5
1119;3;5
1120;3;5
1121;3;5
1122;3;5
1123;3;5
1124;3;5
1125;3;5
1126;3;5
1127;3;5
1128;3;5
1129;3;5
1130;3;5
1131;3;5
1132;3;5
1133;3;5
1134;3;5
1135;3;5
1136;3;5
1137;3;5
1138;3;5
1139;3;5
1140;3;5
1141;3;5
1142;3;5
1143;3;5
1144;3;5
1145;3;5
1146;3;5
1147;3;5
1148;3;5
1149;3;5
1150;3;5
1151;3;5
1152;3;5
1153;3;5
1154;3;5
1155;3;5
1156;3;5
1157;3;5
1158;3;5
1159;3;5
1160;3;5
1161;3;5
1162;3;5
1163;3;5
1164;3;5
1165;3;5
1166;3;5
1167;3;5
1168;3;5
1169;3;5
1170;3;5
1171;3;5
1172;3;5
1173;3;5
1174;3;5
1175;3;5
1176;3;5
1177;3;5
1178;3;5
1179;3;5
1180;3;5
1181;3;5
1182;3;5
1183;3;5
1184;3;5
1185;3;5
1186;3;5
1187;3;5
1188;3;5
1189;3;5
1190;3;5
1191;3;5
1192;3;5
1193;3;5
1194;3;5
1195;3;5
1196;3;5
1197;3;5
1198;3;5
1199;3;5
1200;3;5
1201;3;5
1202;3;5
1203;3;5
1204;3;5
1205;3;5
1206;3;5
1207;3;5
1208;3;5
1209;3;5
1210;3;5
1211;3;5
1212;3;5
1213;3;5
1214;3;5
1215;3;5
1216;3;5
1217;3;5
1218;3;5
1219;3;5
1220;3;5
1221;3;5
1222;3;5
1223;3;5
1224;3;5
1225;3;5
1226;3;5
1227;3;5
1228;3;5
1229;3;5
1230;3;5
1231;3;5
1232;3;5
1233;3;5
1234;3;5
1235;3;5
1236;3;5
1237;3;5
1238;3;5
1239;3;5
1240;3;5
1241;3;5
1242;3;5
1243;3;5
1244;3;5
1245;3;5
1246;3;5
1247;3;5
1248;3;5
1249;3;5
1250;3;5
1251;3;5
1252;3;5
1253;3;5
1254;3;5
1255;3;5
1256;3;5
1257;3;5
1258;3;5
1259;3;5
1260;3;5
1261;3;5
1262;3;5
1263;3;5
1264;3;5
1265;3;5
1266;3;5
1267;3;5
1268;3;5
1269;3;5
1270;3;5
1271;3;5
1272;3;5
1273;3;5
1274;3;5
1275;3;5
1276;3;5
1277;3;5
1278;3;5
1279;3;5
1280;3;5
1281;3;5
1282;3;5
1283;3;5
1284;3;5
1285;3;5
1286;3;5
1287;3;5
1288;3;5
1289;3;5
1290;3;5
1291;3;5
1292;3;5
1293;3;5
1294;3;5
1295;3;5
1296;3;5
1297;3;5
1298;3;5
1299;3;5
1300;3;5
1301;3;5
1302;3;5
1303;3;5
1304;3;5
1305;3;5
1306;3;5
1307;3;5
1308;3;5
1309;3;5
1310;3;5
1311;3;5
1312;3;5
1313;3;5
1314;3;5
1315;3;5
1316;3;5
1317;3;5
1318;3;5
1319;3;5
1320;3;5
1321;3;5
1322;3;5
1323;3;5
1324;3;5
1325;3;5
1326;3;5
1327;3;5
1328;3;5
1329;3;5
1330;3;5
1331;3;5
1332;3;5
1333;3;5
1334;3;5
1335;3;5
1336;3;5
1337;3;5
1338;3;5
1339;3;5
1340;3;5
1341;3;5
1342;3;5
1343;3;5
1344;3;5
1345;3;5
1346;3;5
1347;3;5
1348;3;5
1349;3;5
1350;3;5
1351;3;5
1352;3;5
1353;3;5
1354;3;5
1355;3;5
1356;3;5
1357;3;5
1358;3;5
1359;3;5
1360;3;5
1361;3;5
1362;3;5
1363;3;5
1364;3;5
1365;3;5
1366;3;5
1367;3;5
1368;3;5
1369;3;5
1370;3;5
1371;3;5
1372;3;5
1373;3;5
1374;3;5
1375;3;5
1376;3;5
1377;3;5
1378;3;5
1379;3;5
1380;3;5
1381;3;5
1382;3;5
1383;3;5
1384;3;5
1385;3;5
1386;3;5
1387;3;5
1388;3;5
1389;3;5
1390;3;5
1391;3;5
1392;3;5
1393;3;5
1394;3;5
1395;3;5
1396;3;5
1397;3;5
1398;3;5
1399;3;5
1400;3;5
1401;3;5
1402;3;5
1403;3;5
1404;3;5
1405;3;5
1406;3;5
1407;3;5
1408;3;5
1409;3;5
1410;3;5
1411;3;5
1412;3;5
1413;3;5
1414;3;5
1415;3;5
1416;3;5
1417;3;5
1418;3;5
1419;3;5
1420;3;5
1421;3;5
1422;3;5
1423;3;5
1424;3;5
1425;3;5
1426;3;5
1427;3;5
1428;3;5
1429;3;5
1430;3;5
1431;3;5
1432;3;5
1433;3;5
1434;3;5
1435;3;5
1436;3;5
1437;3;5
1438;3;5
1439;3;5
1440;3;5
1441;3;5
1442;3;5
1443;3;5
1444;3;5
1445;3;5
1446;3;5
1447;3;5
1448;3;5
1449;3;5
1450;3;5
1451;3;5
1452;3;5
1453;3;5
1454;3;5
1455;3;5
1456;3;5
1457;3;5
1458;3;5
1459;3;5
1460;3;5
1461;3;5
1462;3;5
1463;3;5
1464;3;5
1465;3;5
1466;3;5
1467;3;5
1468;3;5
1469;3;5
1470;3;5
1471;3;5
1472;3;5
1473;3;5
1474;3;5
1475;3;5
1476;3;5
1477;3;5
1478;3;5
1479;3;5
1480;3;5
1481;3;5
1482;3;5
1483;3;5
1484;3;5
1485;3;5
1486;3;5
1487;3;5
1488;3;5
1489;3;5
1490;3;5
1491;3;5
1492;3;5
1493;3;5
1494;3;5
1495;3;5
1496;3;5
1497;3;5
1498;3;5
1499;3;5
1500;3;5
1501;3;5
1502;3;5
1503;3;5
1504;3;5
1505;3;5
1506;3;5
1507;3;5
1508;3;5
1509;3;5
1510;3;5
1511;3;5
1512;3;5
1513;3;5
1514;3;5
1515;3;5
1516;3;5
1517;3;5
1518;3;5
1519;3;5
1520;3;5
1521;3;5
1522;3;5
1523;3;5
1524;3;5
1525;3;5
1526;3;5
1527;3;5
1528;3;5
1529;3;5
1530;3;5
1531;3;5
1532;3;5
1533;3;5
1534;3;5
1535;3;5
1536;3;5
1537;3;5
1538;3;5
1539;3;5
1540;3;5
1541;3;5
1542;3;5
1543;3;5
1544;3;5
1545;3;5
1546;3;5
1547;3;5
1548;3;5
1549;3;5
1550;3;5
1551;3;5
1552;3;5
1553;3;5
1554;3;5
1555;3;5
1556;3;5
1557;3;5
1558;3;5
1559;3;5
1560;3;5
1561;3;5
1562;3;5
1563;3;5
1564;3;5
1565;3;5
1566;3;5
1567;3;5
1568;3;5
1569;3;5
1570;3;5
1571;3;5
1572;3;5
1573;3;5
1574;3;5
1575;3;5
1576;3;5
1577;3;5
1578;3;5
1579;3;5
1580;3;5
1581;3;5
1582;3;5
1583;3;5
1584;3;5
1585;3;5
1586;3;5
1587;3;5
1588;3;5
1589;3;5
1590;3;5
1591;3;5
1592;3;5
1593;3;5
1594;3;5
1595;3;5
1596;3;5
1597;3;5
1598;3;5
1599;3;5
1600;3;5
1601;3;5
1602;3;5
1603;3;5
1604;3;5
1605;3;5
1606;3;5
1607;3;5
1608;3;5
1609;3;5
1610;3;5
1611;3;5
1612;3;5
1613;3;5
1614;3;5
1615;3;5
1616;3;5
1617;3;5
1618;3;5
1619;3;5
1620;3;5
1621;3;5
1622;3;5
1623;3;5
1624;3;5
1625;3;5
1626;3;5
1627;3;5
1628;3;5
1629;3;5
1630;3;5
1631;3;5
1632;3;5
1633;3;5
1634;3;5
1635;3;5
1636;3;5
1637;3;5
1638;3;5
1639;3;5
1640;3;5
1641;3;5
1642;3;5
1643;3;5
1644;3;5
1645;3;5
1646;3;5
1647;3;5
1648;3;5
1649;3;5
1650;3;5
1651;3;5
1652;3;5
1653;3;5
1654;3;5
1655;3;5
1656;3;5
1657;3;5
1658;3;5
1659;3;5
1660;3;5
1661;3;5
1662;3;5
1663;3;5
1664;3;5
1665;3;5
1666;3;5
1667;3;5
1668;3;5
1669;3;5
1670;3;5
1671;3;5
1672;3;5
1673;3;5
1674;3;5
1675;3;5
1676;3;5
1677;3;5
1678;3;5
1679;3;5
1680;3;5
1681;3;5
1682;3;5
1683;3;5
1684;3;5
1685;3;5
1686;3;5
1687;3;5
1688;3;5
1689;3;5
1690;3;5
1691;3;5
1692;3;5
1693;3;5
1694;3;5
1695;3;5
1696;3;5
1697;3;5
1698;3;5
1699;3;5
1700;3;5
1701;3;5
1702;3;5
1703;3;5
1704;3;5
1705;3;5
1706;3;5
1707;3;5
1708;3;5
1709;3;5
1710;3;5
1711;3;5
1712;3;5
1713;3;5
1714;3;5
1715;3;5
1716;3;5
1717;3;5
1718;3;5
1719;3;5
1720;3;5
1721;3;5
1722;3;5
1723;3;5
1724;3;5
1725;3;5
1726;3;5
1727;3;5
1728;3;5
1729;3;5
1730;3;5
1731;3;5
1732;3;5
1733;3;5
1734;3;5
1735;3;5
1736;3;5
1737;3;5
1738;3;5
1739;3;5
1740;3;5
1741;3;5
1742;3;5
1743;3;5
1744;3;5
1745;3;5
1746;3;5
1747;3;5
1748;3;5
1749;3;5
1750;3;5
1751;3;5
1752;3;5
1753;3;5
1754;3;5
1755;3;5
1756;3;5
1757;3;5
1758;3;5
1759;3;5
1760;3;5
1761;3;5
1762;3;5
1763;3;5
1764;3;5
1765;3;5
1766;3;5
1767;3;5
1768;3;5
1769;3;5
1770;3;5
1771;3;5
1772;3;5
1773;3;5
1774;3;5
1775;3;5
1776;3;5
1777;3;5
1778;3;5
1779;3;5
1780;3;5
1781;3;5
1782;3;5
1783;3;5
1784;3;5
1785;3;5
1786;3;5
1787;3;5
1788;3;5
1789;3;5
1790;3;5
1791;3;5
1792;3;5
1793;3;5
1794;3;5
1795;3;5
1796;3;5
1797;3;5
1798;3;5
1799;3;5
1800;3;5
1801;3;5
1802;3;5
1803;3;5
1804;3;5
1805;3;5
1806;3;5
1807;3;5
1808;3;5
1809;3;5
1810;3;5
1811;3;5
1812;3;5
1813;3;5
1814;3;5
1815;3;5
1816;3;5
1817;3;5
1818;3;5
1819;3;5
1820;3;5
1821;3;5
1822;3;5
1823;3;5
1824;3;5
1825;3;5
1826;3;5
1827;3;5
1828;3;5
1829;3;5
1830;3;5
1831;3;5
1832;3;5
1833;3;5
1834;3;5
1835;3;5
1836;3;5
1837;3;5
1838;3;5
1839;3;5
1840;3;5
1841;3;5
1842;3;5
1843;3;5
1844;3;5
1845;3;5
1846;3;5
1847;3;5
1848;3;5
1849;3;5
1850;3;5
1851;3;5
1852;3;5
1853;3;5
1854;3;5
1855;3;5
1856;3;5
1857;3;5
1858;3;5
1859;3;5
1860;3;5
1861;3;5
1862;3;5
1863;3;5
1864;3;5
1865;3;5
1866;3;5
1867;3;5
1868;3;5
1869;3;5
1870;3;5
1871;3;5
1872;3;5
1873;3;5
1874;3;5
1875;3;5
1876;3;5
1877;3;5
1878;3;5
1879;3;5
1880;3;5
1881;3;5
1882;3;5
1883;3;5
1884;3;5
1885;3;5
1886;3;5
1887;3;5
1888;3;5
1889;3;5
1890;3;5
1891;3;5
1892;3;5
1893;3;5
1894;3;5
1895;3;5
1896;3;5
1897;3;5
1898;3;5
1899;2;3
1900;2;3
1901;2;3
1902;2;1
1903;2;1
1904;2;3
1905;2;2
1906;2;4
1907;2;4
1908;2;3
1909;2;3
1910;2;4
1911;2;1
1912;2;4
1913;2;4
1914;2;1
1915;2;3
1916;2;3
1917;2;3
1918;2;1
1919;2;1
1920;2;2
1921;2;1
1922;2;1
1923;2;1
1924;2;1
1925;2;2
1926;2;3
1927;2;2
1928;2;3
1929;2;1
1930;2;1
1931;2;2
1932;2;4
1933;2;1
1934;2;3
1935;2;3
1936;2;1
1937;2;1
1938;2;1
1939;2;1
1940;2;3
1941;2;1
1942;2;3
1943;2;2
1944;2;3
1945;2;3
1946;2;2
1947;2;1
1948;2;3
1949;2;3
1950;2;3
1951;2;1
1952;2;1
1953;2;3
1954;2;2
1955;2;1
1956;2;1
1957;2;1
1958;2;3
1959;2;1
1960;2;4
1961;2;1
1962;2;3
1963;2;1
1964;2;3
1965;2;4
1966;2;1
1967;2;3
1968;2;2
1969;2;1
1970;2;1
1971;2;1
1972;2;3
1973;2;2
1974;2;1
1975;2;1
1976;2;1
1977;2;1
1978;2;1
1979;2;1
1980;2;1
1981;2;1
1982;2;1
1983;2;1
1984;2;3
1985;2;3
1986;2;3
1987;2;2
1988;2;3
1989;2;1
1990;2;3
1991;2;1
1992;2;1
1993;2;1
1994;2;1
1995;2;2
1996;2;3
1997;2;1
1998;2;2
1999;2;2
2000;2;4
2001;2;1
2002;2;2
2003;2;3
2004;2;3
2005;2;1
2006;2;3
2007;2;3
2008;2;2
2009;2;3
2010;2;3
2011;2;1
2012;2;1
2013;2;2
2014;2;1
2015;2;3
2016;2;1
2017;2;1
2018;2;1
2019;2;2
2020;2;3
2021;2;1
2022;2;2
2023;2;3
2024;2;2
2025;2;3
2026;2;4
2027;2;2
2028;2;2
2029;2;1
2030;2;4
2031;2;2
2032;2;3
2033;2;3
2034;2;3
2035;2;2
2036;2;1
2037;2;1
2038;2;1
2039;2;3
2040;2;3
2041;2;2
2042;2;3
2043;2;3
2044;2;1
2045;2;3
2046;2;3
2047;2;1
2048;2;3
2049;2;1
2050;2;2
2051;2;1
2052;2;4
2053;2;4
2054;2;1
2055;2;3
2056;2;4
2057;2;2
2058;2;1
2059;2;3
2060;2;1
2061;2;1
2062;2;3
2063;2;1
2064;2;1
2065;2;3
2066;2;3
2067;2;3
2068;2;1
2069;2;3
2070;2;1
2071;2;1
2072;2;4
2073;2;3
2074;2;3
2075;2;1
2076;2;4
2077;2;1
2078;2;3
2079;2;2
2080;2;3
2081;2;2
2082;2;1
2083;2;1
2084;2;4
2085;2;1
2086;2;4
2087;2;1
2088;2;1
2089;2;2
2090;2;4
2091;2;3
2092;2;3
2093;2;3
2094;2;2
2095;2;3
2096;2;3
2097;2;1
2098;2;2
2099;2;3
2100;2;3
2101;2;1
2102;2;1
2103;2;1
2104;2;2
2105;2;1
2106;2;2
2107;2;4
2108;2;2
2109;2;1
2110;2;2
2111;2;1
2112;2;4
2113;2;3
2114;2;3
2115;2;3
2116;2;1
2117;2;2
2118;2;3
2119;2;1
2120;2;1
2121;2;4
2122;2;3
2123;2;1
2124;2;3
2125;2;3
2126;2;2
2127;2;4
2128;2;3
2129;2;3
2130;2;3
2131;2;1
2132;2;1
2133;2;3
2134;2;1
2135;2;3
2136;2;4
2137;2;1
2138;2;1
2139;2;1
2140;2;4
2141;2;1
2142;2;1
2143;2;1
2144;2;3
2145;2;2
2146;2;1
2147;2;3
2148;2;1
2149;2;3
2150;2;4
2151;2;3
2152;2;1
2153;2;1
2154;2;3
2155;2;3
2156;2;1
2157;2;1
2158;2;3
2159;2;1
2160;2;2
2161;2;1
2162;2;3
2163;2;3
2164;2;4
2165;2;1
2166;2;1
2167;2;4
2168;2;3
2169;2;4
2170;2;2
2171;2;3
2172;2;3
2173;2;4
2174;2;3
2175;2;1
2176;2;2
2177;2;2
2178;2;1
2179;2;1
2180;2;4
2181;2;1
2182;2;3
2183;2;2
2184;2;2
2185;2;3
2186;2;1
2187;2;1
2188;2;2
2189;2;4
2190;2;4
2191;2;4
2192;2;3
2193;2;1
2194;2;1
2195;2;1
2196;2;3
2197;2;1
2198;2;1
2199;2;1
2200;2;3
2201;2;1
2202;2;4
2203;2;4
2204;2;1
2205;2;3
2206;2;3
2207;2;1
2208;2;3
2209;2;1
2210;2;3
2211;2;4
2212;2;1
2213;2;1
2214;2;2
2215;2;1
2216;2;1
2217;2;4
2218;2;3
2219;2;3
2220;2;1
2221;2;4
2222;2;3
2223;2;3
2224;2;1
2225;2;2
2226;2;4
2227;2;4
2228;2;4
2229;2;2
2230;2;4
2231;2;1
2232;2;1
2233;2;4
2234;2;3
2235;2;3
2236;2;3
2237;2;1
2238;2;1
2239;2;1
2240;2;4
2241;2;3
2242;2;1
2243;2;1
2244;2;1
2245;2;2
2246;2;1
2247;2;3
2248;2;3
2249;2;1
2250;2;1
2251;2;3
2252;2;3
2253;2;3
2254;2;3
2255;2;2
2256;2;2
2257;2;1
2258;2;3
2259;2;1
2260;2;1
2261;2;1
2262;2;1
2263;2;1
2264;2;4
2265;2;3
2266;2;1
2267;2;1
2268;2;3
2269;2;1
2270;2;2
2271;2;4
2272;2;1
2273;2;3
2274;2;3
2275;2;1
2276;2;3
2277;2;1
2278;2;1
2279;2;3
2280;2;1
2281;2;3
2282;2;1
2283;2;3
2284;2;4
2285;2;1
2286;2;1
2287;2;1
2288;2;4
2289;2;1
2290;2;3
2291;2;1
2292;2;1
2293;2;3
2294;2;3
2295;2;3
2296;2;3
2297;2;1
2298;2;4
2299;2;1
2300;2;1
2301;2;3
2302;2;1
2303;2;1
2304;2;3
2305;2;3
2306;2;2
2307;2;2
2308;2;1
2309;2;1
2310;2;1
2311;2;1
2312;2;1
2313;2;4
2314;2;3
2315;2;3
2316;2;1
2317;2;3
2318;2;1
2319;2;1
2320;2;1
2321;2;1
2322;2;3
2323;2;3
2324;2;3
2325;2;3
2326;2;1
2327;2;3
2328;2;1
2329;2;1
2330;2;3
2331;2;3
2332;2;3
2333;2;1
2334;2;4
2335;2;2
2336;2;2
2337;2;1
2338;2;1
2339;2;1
2340;2;1
2341;2;1
2342;2;2
2343;2;1
2344;2;1
2345;2;2
2346;2;1
2347;2;3
2348;2;1
2349;2;4
2350;2;2
2351;2;4
2352;2;1
2353;2;3
2354;2;1
2355;2;3
2356;2;4
2357;2;1
2358;2;3
2359;2;1
2360;2;2
2361;2;4
2362;2;3
2363;2;1
2364;2;3
2365;2;2
2366;2;1
2367;2;3
2368;2;2
2369;2;1
2370;2;4
2371;2;4
2372;2;1
2373;2;1
2374;2;1
2375;2;2
2376;2;1
2377;2;1
2378;2;1
2379;2;2
2380;2;4
2381;2;1
2382;2;1
2383;2;2
2384;2;4
2385;2;1
2386;2;4
2387;2;3
2388;2;1
2389;2;3
2390;2;1
2391;2;1
2392;2;1
2393;2;1
2394;2;1
2395;2;2
2396;2;1
2397;2;1
2398;2;3
2399;2;1
2400;2;1
2401;2;2
2402;2;1
2403;1;4
2404;1;1
2405;1;1
2406;1;3
2407;1;1
2408;1;3
2409;1;1
2410;1;3
2411;1;1
2412;1;1
2413;1;1
2414;1;1
2415;1;3
2416;1;3
2417;1;1
2418;1;3
2419;1;3
2420;1;1
2421;1;1
2422;1;4
2423;1;3
2424;1;2
2425;1;1
2426;1;1
2427;1;2
2428;1;3
2429;1;3
2430;1;1
2431;1;1
2432;1;1
2433;1;3
2434;1;3
2435;1;1
2436;1;1
2437;1;4
2438;1;1
2439;1;1
2440;1;1
2441;1;3
2442;1;1
2443;1;1
2444;1;3
2445;1;4
2446;1;3
2447;1;2
2448;1;4
2449;1;1
2450;1;1
2451;1;4
2452;1;3
2453;1;1
2454;1;3
2455;1;3
2456;1;4
2457;1;2
2458;1;4
2459;1;4
2460;1;1
2461;1;3
2462;1;1
2463;1;2
2464;1;3
2465;1;1
2466;1;2
2467;1;1
2468;1;4
2469;1;3
2470;1;1
2471;1;1
2472;1;4
2473;1;1
2474;1;1
2475;1;1
2476;1;1
2477;1;3
2478;1;3
2479;1;3
2480;1;1
2481;1;1
2482;1;1
2483;1;1
2484;1;3
2485;1;4
2486;1;4
2487;1;3
2488;1;1
2489;1;3
2490;1;1
2491;1;1
2492;1;2
2493;1;1
2494;1;3
2495;1;1
2496;1;2
2497;1;3
2498;1;3
2499;1;2
2500;1;2
2501;1;3
2502;1;1
2503;1;3
2504;1;1
2505;1;2
2506;1;1
2507;1;1
2508;1;1
2509;1;1
2510;1;2
2511;1;1
2512;1;2
2513;1;2
2514;1;3
2515;1;1
2516;1;3
2517;1;4
2518;1;3
2519;1;3
2520;1;4
2521;1;3
2522;1;1
2523;1;3
2524;1;3
2525;1;1
2526;1;3
2527;1;2
2528;1;2
2529;1;3
2530;1;1
2531;1;4
2532;1;4
2533;1;1
2534;1;1
2535;1;1
2536;1;3
2537;1;1
2538;1;3
2539;1;3
2540;1;1
2541;1;2
2542;1;1
2543;1;3
2544;1;1
2545;1;1
2546;1;4
2547;1;1
2548;1;2
2549;1;1
2550;1;1
2551;1;1
2552;1;3
2553;1;1
2554;1;1
2555;1;1
2556;1;4
2557;1;1
2558;1;1
2559;1;3
2560;1;2
2561;1;4
2562;1;4
2563;1;4
2564;1;3
2565;1;3
2566;1;1
2567;1;1
2568;1;3
2569;1;1
2570;1;2
2571;1;1
2572;1;1
2573;1;4
2574;1;3
2575;1;1
2576;1;1
2577;1;2
2578;1;1
2579;1;3
2580;1;3
2581;1;4
2582;1;3
2583;1;4
2584;1;3
2585;1;3
2586;1;1
2587;1;1
2588;1;1
2589;1;1
2590;1;1
2591;1;1
2592;1;2
2593;1;1
2594;1;2
2595;1;1
2596;1;2
2597;1;1
2598;1;1
2599;1;3
2600;1;3
2601;1;1
2602;1;1
2603;1;1
2604;1;3
2605;1;3
2606;1;1
2607;1;3
2608;1;1
2609;1;1
2610;1;3
2611;1;4
2612;1;3
2613;1;1
2614;1;3
2615;1;3
2616;1;1
2617;1;3
2618;1;1
2619;1;3
2620;1;3
2621;1;4
2622;1;2
2623;1;3
2624;1;3
2625;1;3
2626;1;1
2627;1;1
2628;1;1
2629;1;4
2630;1;1
2631;1;1
2632;1;1
2633;1;1
2634;1;1
2635;1;3
2636;1;1
2637;1;1
2638;1;3
2639;1;4
2640;1;2
2641;1;3
2642;1;4
2643;1;3
2644;1;1
2645;1;3
2646;1;3
2647;1;2
2648;1;1
2649;1;1
2650;1;1
2651;1;1
2652;1;3
2653;1;3
2654;1;3
2655;1;3
2656;1;1
2657;1;4
2658;1;2
2659;1;1
2660;1;1
2661;1;1
2662;1;3
2663;1;1
2664;1;3
2665;1;3
2666;1;4
2667;1;1
2668;1;3
2669;1;3
2670;1;4
2671;1;1
2672;1;1
2673;1;1
2674;1;3
2675;1;3
2676;1;1
2677;1;4
2678;1;1
2679;1;2
2680;1;1
2681;1;2
2682;1;3
2683;1;3
2684;1;4
2685;1;1
2686;1;4
2687;1;1
2688;1;3
2689;1;3
2690;1;4
2691;1;3
2692;1;1
2693;1;2
2694;1;3
2695;1;1
2696;1;1
2697;1;3
2698;1;1
2699;1;1
2700;1;3
2701;1;1
2702;1;1
2703;1;1
2704;1;1
2705;1;4
2706;1;1
2707;1;1
2708;1;4
2709;1;3
2710;1;3
2711;1;4
2712;1;3
2713;1;1
2714;1;1
2715;1;3
2716;1;1
2717;1;3
2718;1;3
2719;1;3
2720;1;1
2721;1;3
2722;1;4
2723;1;3
2724;1;3
2725;1;1
2726;1;4
2727;1;1
2728;1;4
2729;1;1
2730;1;3
2731;1;1
2732;1;3
2733;1;4
2734;1;3
2735;1;3
2736;1;3
2737;1;1
2738;1;3
2739;1;2
2740;1;4
2741;1;4
2742;1;3
2743;1;3
2744;1;3
2745;1;3
2746;1;4
2747;1;4
2748;1;1
2749;1;1
2750;1;3
2751;1;1
2752;1;2
2753;1;3
2754;1;1
2755;1;2
2756;1;3
2757;1;1
2758;1;3
2759;1;2
2760;1;1
2761;1;3
2762;1;1
2763;1;3
2764;1;1
2765;1;3
2766;1;2
2767;1;3
2768;1;1
2769;1;4
2770;1;4
2771;1;1
2772;1;3
2773;1;3
2774;1;3
2775;1;4
2776;1;3
2777;1;3
2778;1;4
2779;1;1
2780;1;3
2781;1;1
2782;1;2
2783;1;4
2784;1;1
2785;1;2
2786;1;1
2787;1;1
2788;1;3
2789;1;3
2790;1;2
2791;1;2
2792;1;3
2793;1;1
2794;1;1
2795;1;1
2796;1;3
2797;1;3
2798;1;3
2799;1;3
2800;1;3
2801;1;4
2802;1;4
2803;1;3
2804;1;1
2805;1;1
2806;1;2
2807;1;1
2808;1;1
2809;1;4
2810;1;1
2811;1;1
2812;1;1
2813;1;1
2814;1;1
2815;1;3
2816;1;3
2817;1;3
2818;1;1
2819;1;3
2820;1;1
2821;1;4
2822;1;3
2823;1;3
2824;1;1
2825;1;3
2826;1;1
2827;1;2
2828;1;3
2829;1;2
2830;1;2
2831;1;3
2832;1;1
2833;1;4
2834;1;1
2835;1;1
2836;1;1
2837;1;1
2838;1;3
2839;1;1
2840;1;3
2841;1;3
2842;1;1
2843;1;4
2844;1;2
2845;1;3
2846;1;4
2847;1;1
2848;1;3
2849;1;1
2850;1;1
2851;1;1
2852;1;1
2853;1;3
2854;1;1
2855;1;2
2856;1;1
2857;1;3
2858;1;1
2859;1;2
2860;1;1
2861;1;3
2862;1;1
2863;1;2
2864;1;1
2865;1;2
2866;1;1
2867;1;3
2868;1;3
2869;1;3
2870;1;1
2871;1;2
2872;1;4
2873;1;3
2874;1;2
2875;1;4
2876;1;1
2877;1;3
2878;1;1
2879;1;2
2880;1;1
2881;1;1
2882;1;1
2883;1;3
2884;1;1
2885;1;3
2886;1;3
2887;1;3
2888;1;4
2889;1;3
2890;1;3
2891;1;2
2892;1;4
2893;1;1
2894;1;1
2895;1;1
2896;1;2
2897;1;1
2898;1;1
2899;1;1
2900;1;3
2901;1;1
2902;1;1
2903;1;1
2904;1;2
2905;1;1
2906;1;1
2907;1;2
2908;1;3
2909;1;2
2910;1;3
2911;1;2
2912;1;1
2913;1;1
2914;1;1
2915;1;3
2916;1;4
2917;1;1
2918;1;3
2919;1;2
2920;1;4
2921;1;1
2922;1;3
2923;1;2
2924;1;1
2925;1;1
2926;1;3
2927;1;2
2928;1;1
2929;1;4
2930;1;2
2931;1;1
2932;1;2
2933;1;3
2934;1;1
2935;1;4
2936;1;1
2937;1;3
2938;1;3
2939;1;3
2940;1;1
2941;1;4
2942;1;3
2943;1;3
2944;1;2
2945;1;1
2946;1;4
2947;1;1
2948;1;1
2949;1;3
2950;1;2
2951;1;4
2952;1;3
2953;1;2
2954;1;1
2955;1;4
2956;1;1
2957;1;2
2958;1;1
2959;1;1
2960;1;1
2961;1;4
2962;1;1
2963;1;3
2964;1;1
2965;1;4
2966;1;1
2967;1;1
2968;1;1
2969;1;3
2970;1;3
2971;1;3
2972;1;2
2973;1;4
2974;1;3
2975;1;4
2976;1;1
2977;1;1
2978;1;1
2979;1;2
2980;1;3
2981;1;3
2982;1;3
2983;1;4
2984;1;1
2985;1;1
2986;1;3
2987;1;3
2988;1;3
2989;1;1
2990;1;1
2991;1;1
2992;1;1
2993;1;1
2994;1;2
2995;1;3
2996;1;1
2997;1;3
2998;1;2
2999;1;3
3000;1;1
3001;1;4
3002;1;1
3003;1;1
3004;1;3
3005;1;1
3006;1;4
3007;1;3
3008;1;2
3009;1;1
3010;1;1
3011;1;1
3012;1;2
3013;1;1
3014;1;1
3015;1;2
3016;1;2
3017;1;3
3018;1;1
3019;1;3
3020;1;4
3021;1;3
3022;1;3
3023;1;1
3024;1;1
3025;1;2
3026;1;3
3027;1;3
3028;1;3
3029;1;3
3030;1;3
3031;1;3
3032;1;3
3033;1;1
3034;1;3
3035;1;1
3036;1;1
3037;1;4
3038;1;4
3039;1;3
3040;1;1
3041;1;3
3042;1;2
3043;1;1
3044;1;1
3045;1;3
3046;1;1
3047;1;3
3048;1;3
3049;1;3
3050;1;2
3051;1;1
3052;1;3
3053;1;3
3054;1;4
3055;1;3
3056;1;1
3057;1;1
3058;1;3
3059;1;3
3060;1;3
3061;1;3
3062;1;1
3063;1;2
3064;1;3
3065;1;4
3066;1;1
3067;1;4
3068;1;4
3069;1;1
3070;1;1
3071;1;4
3072;1;1
3073;1;1
3074;1;4
3075;1;3
3076;1;2
3077;1;1
3078;1;1
3079;1;1
3080;1;4
3081;1;3
3082;1;2
3083;1;3
3084;1;1
3085;1;1
3086;1;3
3087;1;2
3088;1;1
3089;1;1
3090;1;2
3091;1;4
3092;1;1
3093;1;1
3094;1;1
3095;1;3
3096;1;2
3097;1;4
3098;1;3
3099;1;3
3100;1;4
3101;1;1
3102;1;1
3103;1;3
3104;1;4
3105;1;3
3106;1;1
3107;1;2
3108;1;1
3109;1;2
3110;1;1
3111;1;3
3112;1;3
3113;1;2
3114;1;1
3115;1;3
3116;1;1
3117;1;3
3118;1;1
3119;1;1
3120;1;3
3121;1;1
3122;1;2
3123;1;3
3124;1;4
3125;1;3
3126;1;2
3127;1;3
3128;1;4
3129;1;3
3130;1;3
3131;1;3
3132;1;1
3133;1;1
3134;1;1
3135;1;1
3136;1;1
3137;1;4
3138;1;1
3139;1;3
3140;1;1
3141;1;1
3142;1;1
3143;1;4
3144;1;3
3145;1;3
3146;1;1
3147;1;2
3148;1;3
3149;1;4
3150;1;1
3151;1;4
3152;1;3
3153;1;1
3154;1;2
3155;1;1
3156;1;2
3157;1;1
3158;1;1
3159;1;2
3160;1;4
3161;1;2
3162;1;4
3163;1;2
3164;1;3
3165;1;1
3166;1;1
3167;1;2
3168;1;4
3169;1;1
3170;1;3
3171;1;3
3172;1;1
3173;1;1
3174;1;4
3175;1;4
3176;1;4
3177;1;4
3178;1;1
3179;1;3
3180;1;3
3181;1;2
3182;1;1
3183;1;3
3184;1;4
3185;1;3
3186;1;3
3187;1;3
3188;1;1
3189;1;3
3190;1;3
3191;1;2
3192;1;4
3193;1;1
3194;1;3
3195;1;2
3196;1;4
3197;1;1
3198;1;1
3199;1;2
3200;1;1
3201;1;1
3202;1;3
3203;1;4
3204;1;1
3205;1;1
3206;1;1
3207;1;1
3208;1;1
3209;1;1
3210;1;1
3211;1;1
3212;1;3
3213;1;1
3214;1;2
3215;1;1
3216;1;1
3217;1;1
3218;1;3
3219;1;1
3220;1;1
3221;1;3
3222;1;3
3223;1;3
3224;1;1
3225;1;3
3226;1;1
3227;1;1
3228;1;2
3229;1;2
3230;1;2
3231;1;3
3232;1;3
3233;1;3
3234;1;1
3235;1;1
3236;1;1
3237;1;4
3238;1;3
3239;1;3
3240;1;3
3241;1;1
3242;1;3
3243;1;2
3244;1;1
3245;1;1
3246;1;3
3247;1;2
3248;1;4
3249;1;3
3250;1;1
3251;1;1
3252;1;2
3253;1;2
3254;1;2
3255;1;3
3256;1;1
3257;1;1
3258;1;1
3259;1;4
3260;1;3
3261;1;3
3262;1;4
3263;1;1
3264;1;1
3265;1;3
3266;1;2
3267;1;4
3268;1;4
3269;1;2
3270;1;1
3271;1;1
3272;1;2
3273;1;2
3274;1;3
3275;1;3
3276;1;3
3277;1;3
3278;1;3
3279;1;1
3280;1;1
3281;1;1
3282;1;1
3283;1;2
3284;1;3
3285;1;1
3286;1;1
3287;1;1
3288;1;1
3289;1;4
3290;1;4
3291;1;1
3292;1;1
3293;1;4
3294;1;3
3295;1;2
3296;1;4
3297;1;3
3298;1;3
3299;1;4
3300;1;3
3301;1;1
3302;1;1
3303;1;4
3304;1;2
3305;1;1
3306;1;3
3307;1;4
3308;1;2
3309;1;4
3310;1;1
3311;1;4
3312;1;1
3313;1;1
3314;1;1
3315;1;3
3316;1;4
3317;1;1
3318;1;1
3319;1;3
3320;1;3
3321;1;2
3322;1;3
3323;1;2
3324;1;1
3325;1;2
3326;1;1
3327;1;1
3328;1;2
3329;1;1
3330;1;4
3331;1;3
3332;1;3
3333;1;3
3334;1;3
3335;1;1
3336;1;1
3337;1;2
3338;1;3
3339;1;1
3340;1;2
3341;1;4
3342;1;1
3343;1;4
3344;1;1
3345;1;3
3346;1;1
3347;1;1
3348;1;2
3349;1;4
3350;1;1
3351;1;3
3352;1;3
3353;1;1
3354;1;1
3355;1;1
3356;1;1
3357;1;2
3358;1;3
3359;1;1
3360;1;2
3361;1;1
3362;1;1
3363;1;4
3364;1;2
3365;1;3
3366;1;3
3367;1;3
3368;1;3
3369;1;2
3370;1;3
3371;1;1
3372;1;4
3373;1;3
3374;1;3
3375;1;1
3376;1;1
3377;1;1
3378;1;1
3379;1;1
3380;1;1
3381;1;2
3382;1;1
3383;1;1
3384;1;1
3385;1;1
3386;1;4
3387;1;1
3388;1;3
3389;1;4
3390;1;4
3391;1;1
3392;1;1
3393;1;2
3394;1;4
3395;1;3
3396;1;1
3397;1;4
3398;1;2
3399;1;2
3400;1;3
3401;1;1
3402;1;1
3403;1;4
3404;1;4
3405;1;1
3406;1;3
3407;1;1
3408;1;2
3409;1;3
3410;1;3
